      0/49     2.57G   0.08126   0.01645         0   0.09771        15       640   0.02212       0.1  0.005521  0.001018    0.1115   0.01521         0
      1/49     16.4G   0.07237   0.01436         0   0.08673        13       640   0.07504      0.15   0.03102  0.006841    0.1019   0.01364         0
      2/49     20.5G   0.06299   0.01346         0   0.07645        19       640    0.2318    0.3167     0.152   0.03829   0.08982   0.01267         0
      3/49     20.5G   0.05753   0.01205         0   0.06957        12       640    0.4391       0.6    0.3998    0.1132   0.08285   0.01158         0
      4/49     20.5G   0.05341   0.01113         0   0.06455        17       640    0.6598    0.7083    0.6768    0.2069   0.08579   0.01011         0
      5/49     20.5G   0.05339  0.009158         0   0.06254        16       640     0.794     0.803    0.8086    0.3612   0.08136   0.01011         0
      6/49     20.5G    0.0485   0.01004         0   0.05854        10       640    0.7904      0.85    0.8329    0.3932   0.07521  0.009945         0
      7/49     20.5G   0.04469  0.009622         0   0.05431         9       640    0.8744    0.7543    0.8485    0.4218    0.0816  0.009039         0
      8/49     20.5G   0.04326  0.009121         0   0.05238        15       640    0.8403    0.8329    0.8635    0.4867   0.07717   0.00907         0
      9/49     20.5G   0.04438  0.008948         0   0.05333        16       640    0.7759    0.8167    0.8067    0.1593   0.08049  0.008417         0
     10/49     20.5G   0.04786  0.007946         0    0.0558        12       640    0.6841    0.5417    0.5717    0.1121   0.08088  0.008473         0
     11/49     20.5G   0.04523  0.008799         0   0.05403         9       640      0.76     0.725    0.7372    0.1375   0.07909  0.008454         0
     12/49     20.5G   0.04353  0.008695         0   0.05222        15       640    0.7815     0.875    0.8145    0.2997   0.08222  0.007984         0
     13/49     20.5G   0.04361  0.008002         0   0.05161         8       640    0.7899    0.8461    0.8488    0.3892    0.0794  0.008093         0
     14/49     20.5G    0.0402  0.008082         0   0.04828        15       640    0.8676    0.8738    0.8954    0.4127   0.07757  0.007804         0
     15/49     20.5G   0.04126  0.008196         0   0.04945        10       640    0.8716    0.6833    0.7611    0.3029   0.07959   0.00773         0
     16/49     20.5G   0.04374  0.008311         0   0.05205        20       640    0.9157    0.8583    0.9061    0.4298   0.06916  0.008458         0
     17/49     20.5G   0.03885  0.007228         0   0.04608        17       640    0.9112    0.8548    0.9043    0.5162   0.06782   0.00839         0
     18/49     20.5G   0.03969  0.007737         0   0.04743        12       640    0.9108    0.8667    0.9153    0.6019   0.06553   0.00825         0
     19/49     20.5G   0.03667  0.007378         0   0.04404        11       640    0.9114    0.8573    0.9039    0.4094   0.06734  0.008269         0
     20/49     20.5G   0.03984   0.00716         0     0.047        17       640    0.9692    0.8083    0.9088    0.5047   0.06571  0.008146         0
     21/49     20.5G   0.03696  0.007366         0   0.04432        20       640    0.9225       0.9    0.9396    0.6109   0.06563  0.007699         0
     22/49     20.5G    0.0351  0.006812         0   0.04191        14       640    0.9071    0.8167    0.9078    0.6139   0.06625  0.007511         0
     23/49     20.5G   0.03493  0.007067         0     0.042        12       640    0.9725    0.8831    0.9378    0.4265   0.06527  0.007453         0
     24/49     20.5G   0.03506  0.006593         0   0.04165        15       640    0.9375    0.8749    0.9277    0.5799   0.06188  0.007449         0
     25/49     20.5G   0.03261  0.006574         0   0.03918        11       640    0.9467    0.8917    0.9376    0.4917   0.06208  0.007379         0
     26/49     20.5G   0.03325  0.005704         0   0.03895        17       640    0.9375    0.8746    0.9374    0.5378    0.0594  0.007543         0
     27/49     20.5G   0.03319   0.00603         0   0.03922         8       640    0.9474    0.8999    0.9458    0.5643   0.06007  0.007518         0
     28/49     20.5G   0.03198  0.006015         0     0.038        15       640    0.9646    0.9083    0.9668    0.7592    0.0554  0.007516         0
     29/49     20.5G    0.0279  0.006634         0   0.03453        17       640    0.9396    0.9082    0.9568    0.7063    0.0553   0.00739         0
     30/49     20.5G   0.02959  0.005882         0   0.03547        16       640    0.9478    0.9082    0.9614    0.6209   0.05332  0.007543         0
     31/49     20.5G   0.02921  0.005128         0   0.03433        13       640     0.973    0.9083      0.97    0.4944   0.05138  0.007466         0
     32/49     20.5G   0.03593  0.005331         0   0.04126         7       640    0.9818    0.9083    0.9658    0.6576   0.05112  0.007497         0
     33/49     20.5G   0.03287  0.005929         0    0.0388        21       640     0.982    0.9081    0.9728    0.7285   0.04672  0.007637         0
     34/49     20.5G   0.02989  0.005759         0   0.03565         8       640    0.9818       0.9    0.9655    0.7115   0.04669  0.007714         0
     35/49     20.5G   0.03025  0.005715         0   0.03596        15       640    0.9728       0.9    0.9677    0.7184   0.04441  0.007788         0
     36/49     20.5G   0.02746  0.004941         0    0.0324         9       640    0.9496    0.9417    0.9731    0.7656   0.04292  0.007763         0
     37/49     20.5G   0.02872  0.005014         0   0.03373        16       640      0.95      0.95     0.973    0.6806   0.04499   0.00758         0
     38/49     20.5G   0.02424  0.005362         0    0.0296        21       640    0.9425    0.9583    0.9822    0.7405   0.04163  0.007645         0
     39/49     20.5G   0.02573  0.005263         0   0.03099        11       640    0.9581    0.9583    0.9846    0.8107   0.04118  0.007538         0
     40/49     20.5G   0.02451  0.004632         0   0.02914        12       640    0.9744      0.95     0.984    0.7937   0.04079  0.007511         0
     41/49     20.5G   0.02263  0.005212         0   0.02784        17       640    0.9746    0.9582    0.9861     0.768   0.04277  0.007259         0
     42/49     20.5G   0.02327  0.004899         0   0.02817        14       640    0.9516    0.9833    0.9856     0.802   0.04026  0.007282         0
     43/49     20.5G   0.02358  0.004809         0   0.02839        13       640    0.9516    0.9831    0.9854    0.8129   0.03998  0.007248         0
     44/49     20.5G   0.02055  0.004536         0   0.02509        16       640    0.9514    0.9833    0.9817    0.7964   0.04144  0.007094         0
     45/49     20.5G   0.02097   0.00467         0   0.02564        22       640    0.9586    0.9667    0.9809    0.8045   0.04072  0.007104         0
     46/49     20.5G   0.02035  0.004588         0   0.02494        15       640    0.9365    0.9832    0.9817       0.8   0.03966  0.007026         0
     47/49     20.5G   0.01927  0.004839         0   0.02411        11       640    0.9436    0.9833    0.9835     0.809   0.03875  0.006916         0
     48/49     20.5G   0.02023  0.004151         0   0.02438        12       640    0.9516    0.9832    0.9891    0.8143   0.03884   0.00679         0
     49/49     20.5G   0.01938  0.003915         0   0.02329         9       640    0.9444    0.9916    0.9904    0.8289   0.03968  0.006731         0
